%YAML:1.0
---
R: !!opencv-matrix
   rows: 3
   cols: 3
   dt: d
   data: [ 9.9918540265192801e-01, -3.6155881819382993e-02,
       1.7924378292346867e-02, 3.5482345200980009e-02,
       9.9870101621459362e-01, 3.6568885558305238e-02,
       -1.9223275120094294e-02, -3.5903097663025470e-02,
       9.9917037249502971e-01 ]
T: !!opencv-matrix
   rows: 3
   cols: 1
   dt: d
   data: [ -7.1373723983390196e+00, 1.1632815733784030e-02,
       -5.0933374348946348e-02 ]
R1: !!opencv-matrix
   rows: 3
   cols: 3
   dt: d
   data: [ 9.9896362928296745e-01, -3.8038801275515892e-02,
       2.4994338705470374e-02, 3.7580810397875128e-02,
       9.9912149599905720e-01, 1.8545051157780768e-02,
       -2.5677812594551847e-02, -1.7586524105904396e-02,
       9.9951556471634373e-01 ]
R2: !!opencv-matrix
   rows: 3
   cols: 3
   dt: d
   data: [ 9.9997321054532573e-01, -1.6298020402754499e-03,
       7.1359608311170539e-03, 1.7584869492432694e-03,
       9.9983528051703530e-01, -1.8064317232336830e-02,
       -7.1053441382570946e-03, 1.8076381793120967e-02,
       9.9981136146072380e-01 ]
P1: !!opencv-matrix
   rows: 3
   cols: 4
   dt: d
   data: [ 5.4193367759519549e+02, 0., 3.0557028961181641e+02, 0., 0.,
       5.4193367759519549e+02, 2.4534022521972656e+02, 0., 0., 0., 1.,
       0. ]
P2: !!opencv-matrix
   rows: 3
   cols: 4
   dt: d
   data: [ 5.4193367759519549e+02, 0., 3.0557028961181641e+02,
       -3.8680860961154540e+03, 0., 5.4193367759519549e+02,
       2.4534022521972656e+02, 0., 0., 0., 1., 0. ]
Q: !!opencv-matrix
   rows: 4
   cols: 4
   dt: d
   data: [ 1., 0., 0., -3.0557028961181641e+02, 0., 1., 0.,
       -2.4534022521972656e+02, 0., 0., 0., 5.4193367759519549e+02, 0.,
       0., 1.4010383019639489e-01, 0. ]
