%YAML:1.0
---
M1: !!opencv-matrix
   rows: 3
   cols: 3
   dt: d
   data: [ 6.3734782461382213e+02, 0., 3.1758329471431011e+02, 0.,
       6.3457602614308507e+02, 2.3407649389611808e+02, 0., 0., 1. ]
D1: !!opencv-matrix
   rows: 1
   cols: 14
   dt: d
   data: [ 3.7093084140468573e-02, -4.5910369264802037e-01, 0., 0., 0.,
       0., 0., -9.2566083569128121e-01, 0., 0., 0., 0., 0., 0. ]
M2: !!opencv-matrix
   rows: 3
   cols: 3
   dt: d
   data: [ 6.3734782461382213e+02, 0., 3.1868288095127485e+02, 0.,
       6.3457602614308507e+02, 2.5793062162130525e+02, 0., 0., 1. ]
D2: !!opencv-matrix
   rows: 1
   cols: 14
   dt: d
   data: [ 1.3548059374199758e-01, -9.8033142069453172e-01, 0., 0., 0.,
       0., 0., -1.7444535626480904e+00, 0., 0., 0., 0., 0., 0. ]
